NRep,Profile,TimeVariability(factor1),TaskDistribution(factor2),Policy(factor3),TotalDelayT,TotalDelayS,maxDelayResource,TotalCapacity
1,P,0,0,0,69,667,2.18,182
1,P,0,0,1,60,655,1.91,180
1,P,0,1,0,86,684,2.56,175
1,P,0,1,1,72,677,2.04,167
1,P,1,1,0,135,850,2.11,185
1,P,1,1,1,139,855,1.76,179
1,P,1,0,0,144,867,1.82,197
1,P,1,0,1,138,859,1.88,193
2,P,0,0,0,57,661,1.9,183
2,P,0,0,1,55,648,1.74,172
2,P,0,1,0,78,685,2.16,166
2,P,0,1,1,71,664,1.61,166
2,P,1,1,0,136,849,2.27,192
2,P,1,1,1,126,849,1.74,193
2,P,1,0,0,144,867,2.29,196
2,P,1,0,1,131,841,2.09,190
3,P,0,0,0,60,648,2.02,184
3,P,0,0,1,53,646,1.3,183
3,P,0,1,0,72,669,2.52,175
3,P,0,1,1,67,673,1.88,167
3,P,1,1,0,128,842,2.28,189
3,P,1,1,1,142,864,2.0,179
3,P,1,0,0,146,881,2.0,196
3,P,1,0,1,140,863,2.27,185
4,P,0,0,0,63,657,2.0,183
4,P,0,0,1,65,667,1.81,172
4,P,0,1,0,75,676,2.03,178
4,P,0,1,1,67,657,2.04,166
4,P,1,1,0,142,863,1.78,193
4,P,1,1,1,131,852,1.68,188
4,P,1,0,0,132,855,1.92,193
4,P,1,0,1,127,842,1.52,193
5,P,0,0,0,66,660,2.05,181
5,P,0,0,1,59,665,2.08,172
5,P,0,1,0,74,666,2.01,177
5,P,0,1,1,74,665,1.96,166
5,P,1,1,0,139,861,2.58,195
5,P,1,1,1,127,837,1.75,194
5,P,1,0,0,136,861,1.96,196
5,P,1,0,1,125,838,2.18,191
1,F,0,0,0,62,766,1.87,133
1,F,0,0,1,59,770,1.27,133
1,F,0,1,0,75,784,2.02,132
1,F,0,1,1,67,783,1.43,132
1,F,1,1,0,140,968,2.01,152
1,F,1,1,1,125,954,1.68,152
1,F,1,0,0,124,953,1.63,148
1,F,1,0,1,116,941,1.96,142
2,F,0,0,0,61,759,1.57,134
2,F,0,0,1,62,774,1.29,128
2,F,0,1,0,70,779,2.34,132
2,F,0,1,1,66,773,1.64,133
2,F,1,1,0,142,976,2.37,149
2,F,1,1,1,135,963,2.0,150
2,F,1,0,0,116,928,1.72,150
2,F,1,0,1,132,962,1.78,142
3,F,0,0,0,65,769,1.62,133
3,F,0,0,1,56,760,1.24,134
3,F,0,1,0,76,779,2.27,141
3,F,0,1,1,74,780,1.9,132
3,F,1,1,0,146,967,2.6,150
3,F,1,1,1,132,958,1.87,152
3,F,1,0,0,123,959,1.65,154
3,F,1,0,1,130,948,1.77,142
4,F,0,0,0,63,763,1.93,134
4,F,0,0,1,49,753,1.31,134
4,F,0,1,0,85,777,2.09,140
4,F,0,1,1,69,773,1.61,133
4,F,1,1,0,149,979,1.84,152
4,F,1,1,1,132,962,1.66,151
4,F,1,0,0,127,953,2.31,147
4,F,1,0,1,116,945,1.91,147
5,F,0,0,0,64,773,1.47,135
5,F,0,0,1,59,765,1.48,128
5,F,0,1,0,77,774,2.31,136
5,F,0,1,1,64,773,1.52,132
5,F,1,1,0,134,967,2.13,154
5,F,1,1,1,126,959,1.59,154
5,F,1,0,0,126,956,1.82,153
5,F,1,0,1,113,934,1.26,153
1,FP,0,0,0,55,588,2.06,133
1,FP,0,0,1,49,581,1.41,134
1,FP,0,1,0,59,589,1.85,141
1,FP,0,1,1,50,588,1.28,140
1,FP,1,1,0,133,770,1.68,158
1,FP,1,1,1,132,773,2.22,145
1,FP,1,0,0,135,774,1.91,146
1,FP,1,0,1,131,775,1.97,137
2,FP,0,0,0,57,592,1.91,133
2,FP,0,0,1,58,590,1.76,129
2,FP,0,1,0,64,594,1.92,140
2,FP,0,1,1,59,590,1.79,139
2,FP,1,1,0,125,763,2.09,151
2,FP,1,1,1,125,769,2.16,148
2,FP,1,0,0,123,767,1.92,145
2,FP,1,0,1,130,775,2.05,136
3,FP,0,0,0,57,598,2.09,134
3,FP,0,0,1,53,581,1.7,133
3,FP,0,1,0,58,588,2.36,142
3,FP,0,1,1,59,596,1.7,140
3,FP,1,1,0,119,763,1.98,155
3,FP,1,1,1,132,763,1.84,145
3,FP,1,0,0,143,787,2.1,145
3,FP,1,0,1,128,766,1.64,137
4,FP,0,0,0,66,600,1.97,133
4,FP,0,0,1,50,584,1.31,133
4,FP,0,1,0,50,587,1.45,142
4,FP,0,1,1,50,588,1.28,140
4,FP,1,1,0,139,777,1.54,155
4,FP,1,1,1,133,773,1.49,146
4,FP,1,0,0,140,790,2.18,136
4,FP,1,0,1,124,776,1.5,136
5,FP,0,0,0,60,595,1.89,134
5,FP,0,0,1,51,586,1.41,134
5,FP,0,1,0,58,590,1.78,141
5,FP,0,1,1,61,599,1.56,140
5,FP,1,1,0,131,766,1.88,157
5,FP,1,1,1,133,785,1.73,145
5,FP,1,0,0,131,767,1.92,143
5,FP,1,0,1,131,780,1.53,136
1,PF,0,0,0,41,383,0.7,148
1,PF,0,0,1,43,375,0.57,149
1,PF,0,1,0,49,381,0.98,159
1,PF,0,1,1,46,384,0.52,159
1,PF,1,1,0,123,561,1.05,167
1,PF,1,1,1,107,541,0.53,166
1,PF,1,0,0,119,552,1.13,155
1,PF,1,0,1,107,548,0.88,155
2,PF,0,0,0,36,379,0.65,148
2,PF,0,0,1,40,378,0.43,149
2,PF,0,1,0,49,394,1.1,156
2,PF,0,1,1,47,394,0.47,157
2,PF,1,1,0,123,571,0.96,167
2,PF,1,1,1,110,556,0.7,166
2,PF,1,0,0,125,563,0.85,157
2,PF,1,0,1,112,553,0.64,155
3,PF,0,0,0,41,384,0.51,148
3,PF,0,0,1,41,385,0.3,149
3,PF,0,1,0,43,384,0.82,159
3,PF,0,1,1,42,375,0.58,159
3,PF,1,1,0,105,542,1.11,167
3,PF,1,1,1,112,556,0.69,166
3,PF,1,0,0,115,549,1.02,157
3,PF,1,0,1,105,542,0.71,158
4,PF,0,0,0,41,374,0.68,148
4,PF,0,0,1,35,379,0.52,149
4,PF,0,1,0,49,391,0.91,161
4,PF,0,1,1,42,376,0.41,161
4,PF,1,1,0,114,563,1.16,167
4,PF,1,1,1,115,560,0.65,166
4,PF,1,0,0,116,560,1.0,157
4,PF,1,0,1,119,560,0.57,158
5,PF,0,0,0,40,378,0.45,148
5,PF,0,0,1,36,378,0.35,149
5,PF,0,1,0,42,377,0.58,161
5,PF,0,1,1,43,385,0.38,161
5,PF,1,1,0,124,558,0.85,167
5,PF,1,1,1,106,544,0.58,166
5,PF,1,0,0,115,547,0.89,157
5,PF,1,0,1,113,541,0.75,155
1,PP,0,0,0,50,444,1.4,144
1,PP,0,0,1,51,455,1.08,142
1,PP,0,1,0,59,464,2.07,156
1,PP,0,1,1,51,459,1.84,151
1,PP,1,1,0,121,615,1.88,168
1,PP,1,1,1,117,628,1.55,159
1,PP,1,0,0,136,630,1.64,153
1,PP,1,0,1,127,625,1.46,153
2,PP,0,0,0,55,465,1.92,145
2,PP,0,0,1,50,459,1.26,142
2,PP,0,1,0,55,464,1.76,152
2,PP,0,1,1,44,456,1.25,151
2,PP,1,1,0,141,638,2.1,165
2,PP,1,1,1,116,618,1.89,160
2,PP,1,0,0,129,627,2.01,151
2,PP,1,0,1,115,624,1.92,146
3,PP,0,0,0,54,457,1.72,145
3,PP,0,0,1,47,456,1.34,142
3,PP,0,1,0,59,466,1.92,152
3,PP,0,1,1,44,441,0.9,150
3,PP,1,1,0,134,640,2.11,165
3,PP,1,1,1,129,641,1.42,160
3,PP,1,0,0,140,648,2.18,149
3,PP,1,0,1,116,621,1.85,146
4,PP,0,0,0,50,447,1.19,144
4,PP,0,0,1,44,454,1.25,142
4,PP,0,1,0,55,468,1.72,152
4,PP,0,1,1,43,445,1.02,151
4,PP,1,1,0,123,607,1.88,168
4,PP,1,1,1,119,628,1.51,159
4,PP,1,0,0,130,633,2.31,151
4,PP,1,0,1,122,626,1.9,152
5,PP,0,0,0,45,451,1.27,145
5,PP,0,0,1,50,455,1.18,142
5,PP,0,1,0,54,459,1.41,152
5,PP,0,1,1,49,451,1.12,150
5,PP,1,1,0,131,627,1.78,165
5,PP,1,1,1,120,622,1.58,160
5,PP,1,0,0,128,630,1.94,149
5,PP,1,0,1,110,608,1.86,146
